<?xml version="1.0"?>
<opencv_storage>
<Distortion type_id="opencv-matrix">
  <rows>5</rows>
  <cols>1</cols>
  <dt>f</dt>
  <data>
    3.44957858e-001 -4.35634460e+001 4.00464470e-003 4.57669375e-003
    1.22742188e+003</data></Distortion>
</opencv_storage>
