<?xml version="1.0"?>
<opencv_storage>
<Intrinsics type_id="opencv-matrix">
  <rows>3</rows>
  <cols>3</cols>
  <dt>f</dt>
  <data>
    2.30644873e+003 0. 6.95045105e+002 0. 2.31099902e+003
    5.67095642e+002 0. 0. 1.</data></Intrinsics>
</opencv_storage>
