<?xml version="1.0"?>
<opencv_storage>
<Rotation_M type_id="opencv-matrix">
  <rows>3</rows>
  <cols>3</cols>
  <dt>f</dt>
  <data>
    2.01733813e-001 9.71483827e-001 -1.24589868e-001 9.61560190e-001
    -1.72247171e-001 2.13852480e-001 1.86293975e-001 -1.62941933e-001
    -9.68888283e-001</data></Rotation_M>
</opencv_storage>
